1
1
36
0.649168 -0.096733 -0.011145 -0.030464 0.009202 -0.014976 -0.057620 -0.024203 -0.016320 -0.012151 -0.007847 -0.047247 0.077809 -0.002668 0.004202 -0.026104 -0.046913 -0.008863 -0.026090 -0.010412 0.011282 -0.004191 -0.022504 -0.026890 -0.015534 0.026413 0.010479 0.026118 -0.009099 -0.006831 0.014325 0.049830 0.004369 -0.036919 -0.006246 0.105552 
0.029621 0.676973 -0.093893 -0.023077 0.006067 0.004071 -0.101556 -0.028117 0.046383 -0.004503 -0.012117 -0.062500 0.033079 -0.004167 0.002546 -0.011080 0.007480 -0.033394 0.003215 -0.005188 -0.011172 -0.053868 -0.013021 0.008203 -0.008673 0.033186 -0.007753 0.010991 0.075761 0.025342 -0.002654 0.026161 0.068702 0.027941 -0.021429 0.071748 
0.142589 0.106198 0.584947 -0.010831 -0.058087 -0.119493 0.050251 0.057520 0.003984 0.011722 0.039231 -0.295606 0.053074 -0.007633 0.016950 -0.162587 -0.169492 -0.019304 0.069290 0.019970 -0.002408 -0.011896 -0.001936 -0.016969 -0.003196 0.122794 0.044228 0.021221 0.019978 -0.068893 0.008883 -0.025181 0.134881 0.040419 -0.094833 0.066652 
-0.007665 -0.009522 0.004241 0.852894 -0.015762 0.036961 -0.004119 -0.069650 0.069089 0.065222 0.078191 -0.042203 0.011829 0.036593 -0.045013 0.019121 0.055975 0.010005 -0.031652 0.006326 0.062983 -0.023486 0.044309 0.040796 -0.042850 -0.008367 0.006339 0.007281 0.014971 -0.011190 -0.035682 0.025813 -0.027010 -0.063637 0.059934 0.094897 
-0.070280 0.170788 0.018701 0.070328 0.525092 0.025995 -0.061822 -0.021749 -0.064390 -0.056313 0.095559 0.217861 0.103601 0.044710 -0.027732 0.055018 0.122800 0.014683 0.033403 0.115784 0.045591 -0.085337 0.028210 0.017390 -0.056015 0.000853 -0.011015 -0.090185 0.003869 0.062100 0.098921 0.045312 0.029504 0.067020 0.219959 0.078507 
-0.011298 0.006228 -0.034402 -0.003044 -0.006617 0.759580 -0.000654 -0.012190 0.060745 0.042261 -0.067749 0.003604 -0.018401 0.004300 0.005534 0.025123 -0.040017 0.016113 0.090642 -0.015871 -0.049209 -0.008144 -0.088335 0.000076 -0.031980 0.011087 -0.011160 -0.005303 0.025331 -0.019216 -0.012518 -0.017726 -0.020771 -0.031590 -0.001317 0.077750 
0.163173 0.051902 -0.011289 -0.009655 0.020667 -0.069662 0.359104 -0.004920 0.022085 -0.014830 -0.004284 -0.010719 0.153055 -0.005482 -0.007232 -0.132641 -0.037712 -0.049116 0.026611 -0.004379 0.003581 -0.123340 -0.032834 0.012264 0.022015 0.023335 0.044459 0.040135 -0.127649 -0.035345 0.011405 -0.019823 0.051384 0.023839 0.084362 -0.071788 
-0.013339 -0.006929 -0.013278 -0.045876 0.025552 -0.175664 -0.054781 0.698139 0.045823 0.022263 0.180220 0.039500 -0.023581 -0.018454 0.034116 -0.016700 0.210133 0.008744 -0.021532 0.046594 0.037427 0.011143 -0.214540 0.047391 0.070262 -0.163298 -0.004157 0.049042 0.027531 -0.080305 -0.051884 0.077835 -0.087806 -0.152259 -0.072355 0.085780 
-0.013287 -0.001763 0.013510 0.020128 -0.014859 0.090562 -0.015131 -0.027384 0.476168 0.012976 -0.063413 -0.025809 0.000606 0.040857 -0.092925 -0.006166 0.010175 0.009069 -0.038614 0.022775 0.027040 -0.021868 0.133088 -0.019389 -0.005099 -0.096721 0.005931 0.054931 -0.006004 0.028248 -0.032932 -0.044671 0.024320 -0.034498 0.089475 0.002897 
-0.036116 0.032647 -0.071625 0.146509 -0.044626 0.033084 0.002236 -0.155247 -0.054602 0.552439 -0.025178 0.043450 0.021576 -0.088528 -0.039217 -0.031099 0.054959 0.013072 0.091137 -0.082199 -0.007883 -0.061122 0.037654 0.103224 0.038180 -0.076126 0.006438 0.005965 0.030458 0.014506 0.022667 -0.004877 -0.117959 -0.103934 0.221569 -0.026879 
-0.012835 0.005510 -0.007780 -0.035225 0.003693 -0.025959 0.003550 0.030474 0.028668 -0.020644 0.760984 0.033761 -0.008159 -0.000379 -0.047878 0.000648 0.007684 0.013500 0.031885 0.008880 0.003802 0.014753 0.032462 0.007479 0.007229 -0.048502 -0.013923 -0.000889 -0.009341 -0.009209 0.025205 0.016767 -0.001849 0.046181 -0.036336 0.019785 
-0.081442 0.096603 0.062083 -0.033325 0.009522 -0.015944 0.157497 0.067851 -0.084853 0.017294 0.095113 0.773482 -0.161506 -0.031114 -0.056831 0.089654 0.011369 0.193001 -0.014967 -0.037257 0.055568 0.082738 -0.195533 -0.036303 0.024269 -0.078235 -0.024996 -0.125189 0.065589 -0.008854 -0.000938 -0.081318 0.055959 -0.060692 0.010818 -0.059466 
-0.002811 -0.032971 0.107225 0.030595 -0.015234 -0.037075 0.072420 -0.068524 -0.013616 0.014751 0.022917 -0.003991 0.406433 0.012899 -0.060857 -0.105725 0.078531 0.041262 0.057464 -0.047326 -0.013764 -0.060841 -0.091208 -0.045370 0.039564 0.061724 -0.066224 0.059439 0.035240 -0.029011 0.071050 0.024493 0.046155 -0.025123 0.084772 -0.175262 
0.008221 -0.001437 0.014894 0.012790 0.030115 0.083979 0.008069 -0.007158 -0.076354 -0.011264 -0.063429 -0.019298 0.009436 0.773149 0.008958 0.006404 0.019532 -0.021883 -0.022654 0.032332 0.063485 0.010853 -0.034202 0.032577 0.048535 0.042885 -0.000457 0.004572 -0.032540 0.039121 0.001962 0.047165 0.024532 0.029613 0.019056 -0.025609 
0.003309 -0.029417 0.002987 0.109029 0.022321 -0.035205 0.004207 -0.000305 -0.029226 -0.036982 -0.003788 -0.016896 -0.060578 0.023012 0.590300 -0.045411 -0.015609 0.002404 -0.033008 -0.000774 0.024073 -0.015542 0.056642 0.052027 0.008553 -0.107469 0.052841 0.021227 0.009764 0.007804 -0.028250 0.043720 -0.014271 -0.013445 0.098275 0.073213 
-0.119963 0.050752 0.126443 -0.014293 -0.032187 0.002528 -0.073761 -0.039212 0.007043 -0.008352 -0.006995 -0.077911 0.070785 -0.001568 -0.006934 0.405964 0.036993 -0.058493 0.123152 -0.000072 0.011896 -0.028537 0.004744 0.075990 -0.022682 0.055699 0.024086 -0.026837 0.006518 -0.002993 0.008388 -0.031524 0.023585 0.017329 0.024955 -0.039482 
-0.024587 0.010571 0.050148 0.172771 0.028315 -0.025717 0.002509 0.015325 0.017726 0.025385 -0.212982 -0.032843 -0.000245 0.039386 0.039508 0.019345 0.916237 0.019203 -0.039934 0.020344 0.045535 -0.040267 0.008302 0.031106 -0.041731 0.016490 0.025573 0.018614 -0.008506 -0.017815 -0.030077 0.017575 -0.021882 0.162290 0.003240 -0.103101 
-0.150527 -0.045538 -0.023259 0.040307 0.049748 -0.016231 -0.133650 0.010976 0.033541 -0.018045 0.042672 0.033244 0.045792 0.010589 0.024288 -0.000926 0.100301 0.298531 0.041870 0.014158 -0.054649 -0.064915 -0.012354 0.043655 -0.003407 -0.063024 -0.014155 0.026551 0.061255 0.008850 -0.043841 0.032959 -0.026086 0.002866 -0.113003 0.003458 
-0.004016 -0.003704 -0.006623 -0.002518 0.010795 0.074251 -0.030114 -0.013555 0.004670 0.001099 0.188120 -0.050965 0.010352 0.004582 -0.004715 0.012099 0.069292 0.005110 0.714594 0.003701 0.034100 0.003524 0.143514 0.079035 -0.012769 -0.073163 0.077594 0.013777 -0.085989 0.038846 0.012988 -0.064925 0.011649 0.044072 0.173480 -0.183942 
0.066993 -0.083032 0.000354 0.009348 0.064954 -0.066938 0.027769 0.000595 -0.067095 -0.051018 0.068962 -0.050677 -0.067506 0.098622 0.055983 -0.032197 -0.056131 0.008628 0.036738 0.516806 0.017195 -0.023818 -0.059387 -0.031255 -0.044525 -0.090481 0.029128 0.065606 -0.012063 0.032933 -0.016022 -0.064566 0.184885 0.025343 0.146611 0.053649 
-0.015140 -0.023542 0.039740 -0.015217 0.020375 -0.053106 0.027152 0.012687 -0.065201 0.019372 -0.104328 -0.029749 0.035454 -0.010628 -0.020041 0.014311 -0.025678 -0.031498 -0.081157 0.015108 0.542574 0.008710 0.105835 -0.026385 0.034373 -0.091822 0.030489 0.002483 -0.030053 -0.025508 0.021699 0.076134 0.104205 0.089302 0.132043 0.091418 
0.073297 0.175306 -0.024077 -0.060918 -0.042901 -0.016023 0.012749 -0.010070 -0.034421 0.007556 -0.063079 -0.009343 -0.059499 -0.046172 -0.004709 0.069212 -0.072893 0.076826 -0.020356 -0.041249 -0.009832 0.328242 -0.008457 -0.021312 -0.008019 0.039975 -0.085720 -0.080609 -0.066795 0.011170 -0.007129 -0.014436 0.074401 -0.070418 -0.017240 0.149805 
0.016609 0.002291 -0.019876 0.047636 0.005201 0.050200 -0.007539 -0.012860 0.001901 0.013466 -0.073826 0.008535 -0.013631 -0.014483 0.003234 -0.008424 -0.004471 0.016323 -0.012905 -0.000766 -0.040785 0.007599 0.353559 0.069049 0.017567 0.064476 -0.001591 0.005014 0.023577 -0.003218 -0.058167 0.043095 -0.022669 -0.056689 0.079336 0.025216 
-0.019309 -0.017198 -0.008981 0.086204 -0.021841 -0.093490 0.001562 -0.016651 0.046361 0.067212 -0.017497 0.015224 -0.036794 -0.116612 0.066965 -0.004073 0.026923 0.038321 0.032099 -0.021491 0.014024 0.006679 0.046485 0.498503 0.014561 -0.005275 -0.021532 0.035105 -0.002788 -0.011077 -0.036270 0.092905 -0.027132 -0.158564 0.106357 -0.086532 
-0.010113 -0.013114 0.037117 0.034616 -0.009552 -0.057376 -0.005223 -0.020255 -0.003950 0.060606 0.055387 0.046390 0.016943 0.146141 0.048544 -0.004206 -0.006636 0.012785 0.008692 -0.012256 -0.009585 0.006446 0.122668 0.018758 0.661201 0.084032 -0.144989 0.057883 -0.045248 -0.056869 -0.122872 0.080921 0.221043 0.031762 0.165674 0.042701 
-0.006839 -0.023138 -0.014016 -0.128995 0.006631 -0.131785 0.028683 0.031332 -0.032457 -0.025576 0.028017 0.045685 -0.011857 0.109461 0.028377 -0.008573 -0.136633 -0.019098 -0.066322 0.005802 0.058187 0.052345 0.082928 -0.029122 0.017410 0.705706 -0.037340 0.045158 0.006059 0.118913 0.024915 -0.067765 0.007991 0.094130 -0.051766 0.058996 
0.031481 -0.003069 -0.010336 -0.005587 0.080184 0.060716 -0.017869 0.023727 -0.023465 -0.015947 0.000474 -0.087636 -0.032263 0.096753 -0.011109 -0.053937 0.005185 -0.003694 0.034578 0.074421 0.019720 -0.054648 0.056861 0.073112 0.023344 -0.025985 0.603607 -0.024395 -0.045796 0.016854 0.059503 -0.017240 -0.044417 0.017496 0.021387 -0.127371 
0.010097 -0.059032 0.051139 0.073511 0.070743 -0.013918 0.008022 0.034067 0.028567 0.001208 0.067625 -0.065777 0.098062 0.010735 0.012312 0.011166 0.038159 0.036301 0.020378 -0.079651 0.011161 -0.062472 0.004649 -0.064131 0.039460 0.037854 -0.005777 0.515831 -0.048395 0.018904 -0.036679 0.019093 0.021173 -0.030854 0.035987 -0.061430 
-0.081785 0.106502 0.000930 0.023786 0.006577 0.038539 -0.020172 0.020961 -0.003774 0.014729 -0.027772 0.015115 -0.052447 0.003846 -0.000562 0.028712 -0.044408 0.059001 -0.017475 -0.023305 0.028277 0.045882 -0.030386 -0.020560 -0.007404 0.037378 0.002949 -0.096749 0.404250 -0.009072 0.010933 -0.032877 -0.038890 -0.034630 -0.062937 0.049673 
0.018557 -0.030485 0.033538 -0.128910 0.024531 -0.144671 -0.009038 0.040281 -0.019942 -0.051181 0.034394 0.022492 0.006912 0.088025 -0.054525 0.010636 0.041727 -0.021830 -0.080484 0.035871 0.051500 0.001432 0.060421 -0.009083 0.009892 0.040178 0.005905 -0.024027 0.028063 0.893765 0.004003 0.027548 0.005952 0.086708 -0.038457 0.092547 
0.043310 -0.017667 0.055247 0.013165 0.039893 0.112434 -0.018998 0.080739 0.047944 0.067005 -0.022267 -0.066103 0.010145 0.064416 0.052585 -0.073105 0.067641 0.015716 -0.084540 0.021341 0.022684 0.008888 -0.005587 0.000456 -0.065924 0.236318 0.007436 0.025673 -0.029207 0.028470 0.741048 0.053925 0.007209 0.157576 -0.046269 0.086960 
0.001469 0.009774 -0.010063 0.055933 0.034767 -0.133651 -0.021061 0.074730 -0.043290 0.015435 0.034121 -0.000704 0.007875 0.124579 0.053420 -0.044470 0.067218 -0.000821 -0.019459 0.014218 -0.018948 -0.059340 0.040891 0.025119 0.039433 -0.034397 0.083410 0.004888 -0.008727 0.024561 -0.006747 0.483919 -0.075319 -0.009652 0.070523 -0.286495 
-0.008238 -0.014148 -0.003513 0.015113 -0.001514 -0.083738 0.026571 -0.052976 -0.024006 -0.017076 -0.039769 0.030100 0.014162 0.015835 0.002037 0.109994 0.142995 -0.005908 -0.011278 -0.025394 0.028675 0.028878 -0.103776 0.015619 0.001384 -0.046842 0.009847 -0.007855 -0.004167 0.055086 -0.012010 0.003955 0.641139 0.082568 0.056981 -0.043018 
0.002096 0.017790 0.028213 -0.096709 0.013506 0.014481 0.029549 -0.003350 0.001415 -0.028206 0.101673 -0.010084 0.018377 0.022456 -0.041319 0.015975 0.010007 0.001987 -0.012192 0.029145 0.035431 0.001493 -0.023955 -0.070867 -0.012593 0.049746 0.002760 -0.004202 -0.000855 -0.001925 0.066992 -0.023489 0.043144 0.651496 -0.093249 0.004547 
-0.033427 -0.025403 -0.017440 0.007104 0.002623 -0.022561 0.011641 0.008135 -0.000034 -0.003015 0.009419 0.007596 -0.014993 0.019347 0.013898 0.037297 0.005372 -0.026349 0.048766 0.019079 0.008168 -0.006857 -0.018374 0.064338 0.011018 -0.017593 0.030065 0.018078 -0.112518 0.010089 0.002531 0.046847 -0.002429 -0.131654 0.439522 -0.040405 
0.013225 -0.002154 -0.007267 -0.012674 -0.008806 0.048368 -0.005058 -0.016460 0.030059 0.008927 0.028573 -0.001304 -0.005144 -0.042976 0.008687 0.005365 -0.050182 0.003252 -0.011334 -0.008737 -0.024317 0.027291 0.016214 0.012571 0.000857 0.073075 0.013303 -0.023771 0.020933 0.015348 0.022094 -0.063019 -0.050834 -0.025519 0.008567 0.626383 
3.510629 2.904127 0.165211 0.421594 0.227953 -0.500556 1.210155 -0.578121 -0.102374 0.092187 -0.256542 -2.971946 -0.319096 0.219615 -0.019918 -0.973573 -0.674593 -1.939014 0.136905 0.626705 -0.264245 1.154928 0.476832 -0.218084 -0.124954 0.446792 0.363876 -0.356000 0.244597 -0.342601 -0.464610 0.397905 0.087847 0.161325 -0.070380 0.009418 
1.0 1.0 1.0 1.0 1.0 1.0 1.0 1.0 1.0 1.0 1.0 1.0 1.0 1.0 1.0 1.0 1.0 1.0 1.0 1.0 1.0 1.0 1.0 1.0 1.0 1.0 1.0 1.0 1.0 1.0 1.0 1.0 1.0 1.0 1.0 1.0 
